{
 "cells": [
  {
   "cell_type": "code",
   "execution_count": 1,
   "metadata": {},
   "outputs": [],
   "source": [
    "# Moment analysis\n",
    "import os\n",
    "import time\n",
    "import yaml  # Saving results\n",
    "import numpy as np\n",
    "import matplotlib.pyplot as plt\n",
    "import sympy as sp  # CAS for exact matrix inverison\n",
    "from matplotlib.backends.backend_pdf import PdfPages\n",
    "\n",
    "# Inline plotting\n",
    "%matplotlib inline\n",
    "\n",
    "# Dir where simulations are in\n",
    "sim_dir = os.path.abspath('/home/leloup/ownCloud/simulations/statistics/')\n",
    "\n",
    "# Dir where plots are saved into\n",
    "plot_dir = os.path.abspath('/home/leloup/Desktop/Uni/Master/p760_computational_physics/git/analysis/moment_analysis/plots')"
   ]
  },
  {
   "cell_type": "code",
   "execution_count": 2,
   "metadata": {},
   "outputs": [],
   "source": [
    "# Get required prefix\n",
    "def get_prefix(dim, l):\n",
    "    \"\"\"Returns required prefix\"\"\"\n",
    "    return 'x'.join(str(l) for _ in range(dim))\n",
    "\n",
    "# Function to load data of first and second moment which is going to be bootstrapped\n",
    "def load_data(dim, model, observable, crit_slope=None):\n",
    "    \"\"\"Loads first and second moment data of observable of dim dimensions of model\"\"\"\n",
    "    # Our lattice lengths are from 10 to 100\n",
    "    lattices = np.arange(10, 110, 10)\n",
    "    \n",
    "    # 10 simulations per length\n",
    "    n_samples = 10\n",
    "    \n",
    "    # Result matrices for 1st and second moment data\n",
    "    moment1_data = np.zeros(shape=(n_samples, len(lattices)))\n",
    "    moment2_data = np.zeros(shape=(n_samples, len(lattices)))\n",
    "    \n",
    "    for col, length in enumerate(lattices):\n",
    "        sim_files = os.listdir(sim_dir)\n",
    "        n_file = 0\n",
    "        i = 0\n",
    "        while n_file < n_samples:\n",
    "            f = sim_files[i % len(sim_files)]\n",
    "            if f.endswith('.npy'):\n",
    "                tmp = f.split('.')[0].split('_')\n",
    "                prefix = tmp[0]\n",
    "                tmp_n = tmp[-1]\n",
    "                tmp_model = tmp[-2]\n",
    "                \n",
    "                if tmp_model=='custom' and crit_slope is not None:\n",
    "                    slope_flag = crit_slope == int(tmp[tmp.index('slope') + 1])\n",
    "                else:\n",
    "                    slope_flag = True\n",
    "\n",
    "                if get_prefix(dim, length) == prefix and model==tmp_model and tmp_n==str(n_file) and slope_flag:\n",
    "                    \n",
    "                    # Load data\n",
    "                    tmp_data = np.load(os.path.join(sim_dir, f))\n",
    "                    \n",
    "                    # Get observable\n",
    "                    tmp_data = tmp_data[observable]\n",
    "                    \n",
    "                    # Moments\n",
    "                    tmp_moment1 = np.log(np.mean(tmp_data))\n",
    "                    tmp_moment2 = np.log(np.mean(np.power(tmp_data, 2)))\n",
    "                    \n",
    "                    # Write to reults\n",
    "                    moment1_data[n_file, col] = tmp_moment1\n",
    "                    moment2_data[n_file, col] = tmp_moment2\n",
    "                    \n",
    "                    # Increase file counter\n",
    "                    n_file += 1\n",
    "                    \n",
    "            # Increase loop counter\n",
    "            i+=1\n",
    "    return moment1_data, moment2_data"
   ]
  },
  {
   "cell_type": "code",
   "execution_count": 3,
   "metadata": {},
   "outputs": [],
   "source": [
    "def bootstrap_fit(moment1_data, moment2_data, n_bootstraps):\n",
    "    \"\"\"Bootstrap fitting of first and second moment data via frozen covariance approach\"\"\"\n",
    "    \n",
    "    # Number of samples\n",
    "    n_samples = moment1_data.shape[0]\n",
    "    \n",
    "    # Length of samples\n",
    "    l_samples = moment1_data.shape[1]\n",
    "    sample_idx = np.arange(l_samples)\n",
    "    \n",
    "    # Bootstrap matrices\n",
    "    bootstrapped_means_mom1 = np.zeros(shape=(n_bootstraps, l_samples))\n",
    "    bootstrapped_means_mom2 = np.zeros(shape=(n_bootstraps, l_samples))\n",
    "    \n",
    "    # Do bootstrapping\n",
    "    for k in range(n_bootstraps):\n",
    "        \n",
    "        # Bootstrap random idx with replacement\n",
    "        rand_idx1 = tuple(np.random.choice(sample_idx, size=l_samples, replace=True))\n",
    "        rand_idx2 = tuple(np.random.choice(sample_idx, size=l_samples, replace=True))\n",
    "        \n",
    "        # Bootstrab entire data at once using same random idx\n",
    "        bootstrap_sample_mom1 = moment1_data[rand_idx1, :]\n",
    "        bootstrap_sample_mom2 = moment2_data[rand_idx2, :]\n",
    "        \n",
    "        # Take bootstrap mean column wise for one row at once\n",
    "        bootstrapped_means_mom1[k,:] = np.mean(bootstrap_sample_mom1, axis=0)\n",
    "        bootstrapped_means_mom2[k,:] = np.mean(bootstrap_sample_mom2, axis=0)\n",
    "        \n",
    "    # Bootstrap indices\n",
    "    bootstrap_idx = np.arange(n_bootstraps)\n",
    "    \n",
    "    # Make mean matrix of bootstraped means\n",
    "    mean_bootstraps_mom1 = np.zeros_like(bootstrapped_means_mom1)\n",
    "    mean_bootstraps_mom2 = np.zeros_like(bootstrapped_means_mom2)\n",
    "    \n",
    "    # Fill mean matrix row wise with same rows of means\n",
    "    mean_bootstraps_mom1[tuple(bootstrap_idx), :] = np.mean(bootstrapped_means_mom1, axis=0)\n",
    "    mean_bootstraps_mom2[tuple(bootstrap_idx), :] = np.mean(bootstrapped_means_mom2, axis=0)\n",
    "    \n",
    "    # Diff between sampled means and overall means\n",
    "    mean_diff_mom1 = bootstrapped_means_mom1 - mean_bootstraps_mom1\n",
    "    mean_diff_mom2 = bootstrapped_means_mom2 - mean_bootstraps_mom2\n",
    "    \n",
    "    # Make covariance matrices\n",
    "    cov_mat_mom1 = np.zeros(shape=(n_samples, n_samples))\n",
    "    cov_mat_mom2 = np.zeros(shape=(n_samples, n_samples))\n",
    "    \n",
    "    # Fill covariance matrices\n",
    "    for i in range(n_samples):\n",
    "        for j in range(n_samples):\n",
    "            cov_mat_mom1[i, j] = np.mean(mean_diff_mom1[:, i] * mean_diff_mom1[:, j])\n",
    "            cov_mat_mom2[i, j] = np.mean(mean_diff_mom2[:, i] * mean_diff_mom2[:, j])\n",
    "    \n",
    "    cov_mat_mom1 = sp.Matrix(cov_mat_mom1)\n",
    "    cov_mat_mom2 = sp.Matrix(cov_mat_mom2)\n",
    "    cov_mat_inv1 = cov_mat_mom1.inv()\n",
    "    cov_mat_inv2 = cov_mat_mom2.inv()\n",
    "    \n",
    "    cov_mat_inv1 = np.array(cov_mat_inv1).astype(np.float64)\n",
    "    cov_mat_inv2 = np.array(cov_mat_inv2).astype(np.float64)\n",
    "    \n",
    "    # X fit values\n",
    "    L = np.log(np.arange(10, 110, 10))\n",
    "    \n",
    "    # Z matrix\n",
    "    z_mat = np.ones(shape=(n_samples, 2))\n",
    "    z_mat[:,1] = L\n",
    "    \n",
    "    tmp1 = np.matmul(np.matmul(z_mat.T, cov_mat_inv1), z_mat)\n",
    "    tmp2 = np.matmul(np.matmul(z_mat.T, cov_mat_inv2), z_mat)\n",
    "    \n",
    "    tmp1 = sp.Matrix(tmp1)\n",
    "    tmp2 = sp.Matrix(tmp2)\n",
    "    \n",
    "    tmp_mat_mom1 = tmp1.inv()#np.linalg.inv(tmp1)\n",
    "    tmp_mat_mom2 = tmp2.inv()#np.linalg.inv(tmp2)\n",
    "    \n",
    "    tmp_mat_mom1 = np.array(tmp_mat_mom1).astype(np.float64)\n",
    "    tmp_mat_mom2 = np.array(tmp_mat_mom2).astype(np.float64)\n",
    "    \n",
    "    T_mat_mom1 = np.matmul(np.matmul(tmp_mat_mom1, z_mat.T), cov_mat_inv1)\n",
    "    T_mat_mom2 = np.matmul(np.matmul(tmp_mat_mom2, z_mat.T), cov_mat_inv2)\n",
    "    \n",
    "    # Actual bootstrap fitting\n",
    "    T_beta1 = np.zeros(shape=(n_bootstraps, 2))\n",
    "    T_beta2 = np.zeros(shape=(n_bootstraps, 2))\n",
    "    \n",
    "    # Bootstrap matrices\n",
    "    bootstrapped_means_mom1 = np.zeros(shape=(n_bootstraps, l_samples))\n",
    "    bootstrapped_means_mom2 = np.zeros(shape=(n_bootstraps, l_samples))\n",
    "    \n",
    "    # Do bootstrapping\n",
    "    for k in range(n_bootstraps):\n",
    "        \n",
    "        # Bootstrap random idx with replacement\n",
    "        rand_idx1 = tuple(np.random.choice(sample_idx, size=l_samples, replace=True))\n",
    "        rand_idx2 = tuple(np.random.choice(sample_idx, size=l_samples, replace=True))\n",
    "        \n",
    "        # Bootstrab entire data at once using same random idx\n",
    "        bootstrap_sample_mom1 = moment1_data[rand_idx1, :]\n",
    "        bootstrap_sample_mom2 = moment2_data[rand_idx2, :]\n",
    "        \n",
    "        # Take bootstrap mean column wise for one row at once\n",
    "        bootstrapped_means_mom1[k,:] = np.mean(bootstrap_sample_mom1, axis=0)\n",
    "        bootstrapped_means_mom2[k,:] = np.mean(bootstrap_sample_mom2, axis=0)\n",
    "    \n",
    "    # Linear regression\n",
    "    for k in range(n_bootstraps):\n",
    "        T_beta1[k, :] = np.matmul(T_mat_mom1, bootstrapped_means_mom1[k, :])\n",
    "        T_beta2[k, :] = np.matmul(T_mat_mom2, bootstrapped_means_mom2[k, :])\n",
    "        \n",
    "    # Calculate critical exponent, observable dimension D\n",
    "    def tau(sigma1, sigma2):\n",
    "        return 3.0 - sigma2/(sigma2-sigma1)\n",
    "    \n",
    "    def D(sigma1, sigma2):\n",
    "        return sigma2 - sigma1\n",
    "    \n",
    "    # Results all bootstrap samples for critical exponent and observable dimension \n",
    "    bootstrap_critical_exponent = np.zeros(shape=n_bootstraps)\n",
    "    bootstrap_dim_exponent = np.zeros(shape=n_bootstraps)\n",
    "    \n",
    "    for k in range(n_bootstraps):\n",
    "        bootstrap_critical_exponent[k] = tau(T_beta1[k, 1], T_beta2[k, 1])\n",
    "        bootstrap_dim_exponent[k] = D(T_beta1[k, 1], T_beta2[k, 1])\n",
    "    \n",
    "    final_critical_exponent = np.array([np.mean(bootstrap_critical_exponent), np.std(bootstrap_critical_exponent)])\n",
    "    final_dim_exponent = np.array([np.mean(bootstrap_dim_exponent), np.std(bootstrap_dim_exponent)])\n",
    "    final_logA1 = np.array([np.mean(T_beta1[:, 0]), np.std(T_beta1[:, 0])])\n",
    "    final_sigma1 = np.array([np.mean(T_beta1[:, 1]), np.std(T_beta1[:, 1])])\n",
    "    final_logA2 = np.array([np.mean(T_beta2[:, 0]), np.std(T_beta2[:, 0])])\n",
    "    final_sigma2 = np.array([np.mean(T_beta2[:, 1]), np.std(T_beta2[:, 1])])\n",
    "    \n",
    "    return_dict = {'critical_exponent': final_critical_exponent, 'dim_exponent': final_dim_exponent, 'logA1': final_logA1,'logA2': final_logA2,\n",
    "                   'sigma1': final_sigma1, 'sigma2': final_sigma2}\n",
    "    \n",
    "    return return_dict"
   ]
  },
  {
   "cell_type": "code",
   "execution_count": 4,
   "metadata": {},
   "outputs": [],
   "source": [
    "def double_bootstrap_fit(moment1_data, moment2_data, n_bootstraps, n_inner):\n",
    "    \"\"\"Bootstrap fitting of first and second moment data via double bootstrap approach\"\"\"\n",
    "    \n",
    "    # Number of samples\n",
    "    n_samples = moment1_data.shape[0]\n",
    "    \n",
    "    # Length of samples\n",
    "    l_samples = moment1_data.shape[1]\n",
    "    sample_idx = np.arange(l_samples)\n",
    "    \n",
    "    # Inner bootstrap indices\n",
    "    bootstrap_idx = np.arange(n_inner)\n",
    "    \n",
    "    # Static matrices needed for fitting\n",
    "    # X fit values\n",
    "    L = np.log(np.arange(10, 110, 10))\n",
    "\n",
    "    # Z matrix\n",
    "    z_mat = np.ones(shape=(n_samples, 2))\n",
    "    z_mat[:,1] = L\n",
    "    \n",
    "    # Store fit parameters of first and second moment fits\n",
    "    T_beta1 = np.zeros(shape=(n_bootstraps, 2))\n",
    "    T_beta2 = np.zeros(shape=(n_bootstraps, 2))\n",
    "    \n",
    "    # Do outer bootstrapping\n",
    "    for k in range(n_bootstraps):\n",
    "        \n",
    "        # Bootstrap random idx with replacement\n",
    "        rand_idx1 = tuple(np.random.choice(sample_idx, size=l_samples, replace=True))\n",
    "        rand_idx2 = tuple(np.random.choice(sample_idx, size=l_samples, replace=True))\n",
    "        \n",
    "        # Bootstrab entire data at once using same random idx\n",
    "        bootstrap_sample_mom1 = moment1_data[rand_idx1, :]\n",
    "        bootstrap_sample_mom2 = moment2_data[rand_idx2, :]\n",
    "        \n",
    "        # Double bootstrap matrices\n",
    "        bootstrapped_means_mom1 = np.zeros(shape=(n_inner, l_samples))\n",
    "        bootstrapped_means_mom2 = np.zeros(shape=(n_inner, l_samples))\n",
    "        \n",
    "        # Do double bootstrapping for outer bootstrap\n",
    "        for l in range(n_inner):\n",
    "\n",
    "            # Bootstrap random idx with replacement\n",
    "            tmp_rand_idx1 = tuple(np.random.choice(sample_idx, size=l_samples, replace=True))\n",
    "            tmp_rand_idx2 = tuple(np.random.choice(sample_idx, size=l_samples, replace=True))\n",
    "\n",
    "            # Bootstrab entire data at once using same random idx\n",
    "            tmp_bootstrap_sample_mom1 = bootstrap_sample_mom1[tmp_rand_idx1, :]\n",
    "            tmp_bootstrap_sample_mom2 = bootstrap_sample_mom2[tmp_rand_idx2, :]\n",
    "\n",
    "            # Take bootstrap mean column wise for one row at once\n",
    "            bootstrapped_means_mom1[l,:] = np.mean(tmp_bootstrap_sample_mom1, axis=0)\n",
    "            bootstrapped_means_mom2[l,:] = np.mean(tmp_bootstrap_sample_mom2, axis=0)\n",
    "\n",
    "        # Make mean matrix of bootstrapped means\n",
    "        tmp_mean_bootstraps_mom1 = np.zeros_like(bootstrapped_means_mom1)\n",
    "        tmp_mean_bootstraps_mom2 = np.zeros_like(bootstrapped_means_mom2)\n",
    "\n",
    "        # Fill mean matrix row wise with same rows of means\n",
    "        tmp_mean_bootstraps_mom1[tuple(bootstrap_idx), :] = np.mean(bootstrapped_means_mom1, axis=0)\n",
    "        tmp_mean_bootstraps_mom2[tuple(bootstrap_idx), :] = np.mean(bootstrapped_means_mom2, axis=0)\n",
    "\n",
    "        # Diff between sampled means and overall means\n",
    "        tmp_mean_diff_mom1 = bootstrapped_means_mom1 - tmp_mean_bootstraps_mom1\n",
    "        tmp_mean_diff_mom2 = bootstrapped_means_mom2 - tmp_mean_bootstraps_mom2\n",
    "\n",
    "        # Make covariance matrices\n",
    "        tmp_cov_mat_mom1 = np.zeros(shape=(n_samples, n_samples))\n",
    "        tmp_cov_mat_mom2 = np.zeros(shape=(n_samples, n_samples))\n",
    "\n",
    "        # Fill covariance matrices of double bootstrap\n",
    "        for i in range(n_samples):\n",
    "            for j in range(n_samples):\n",
    "                tmp_cov_mat_mom1[i, j] = np.mean(tmp_mean_diff_mom1[:, i] * tmp_mean_diff_mom1[:, j])\n",
    "                tmp_cov_mat_mom2[i, j] = np.mean(tmp_mean_diff_mom2[:, i] * tmp_mean_diff_mom2[:, j])\n",
    "        \n",
    "        # Use sympy CAS in order to calculate the exact inverse of matrices\n",
    "        # Convert matrices from numpy to sympy matrices\n",
    "        tmp_cov_mat_mom1 = sp.Matrix(tmp_cov_mat_mom1)\n",
    "        tmp_cov_mat_mom2 = sp.Matrix(tmp_cov_mat_mom2)\n",
    "        \n",
    "        # Invert matrices\n",
    "        tmp_cov_mat_inv1 = tmp_cov_mat_mom1.inv()\n",
    "        tmp_cov_mat_inv2 = tmp_cov_mat_mom2.inv()\n",
    "        \n",
    "        # Convert back to numpy arrays\n",
    "        tmp_cov_mat_inv1 = np.array(tmp_cov_mat_inv1).astype(np.float64)\n",
    "        tmp_cov_mat_inv2 = np.array(tmp_cov_mat_inv2).astype(np.float64)\n",
    "        \n",
    "        # Calculate temporary matrices which need to be inverted as well\n",
    "        tmp1 = np.matmul(np.matmul(z_mat.T, tmp_cov_mat_inv1), z_mat)\n",
    "        tmp2 = np.matmul(np.matmul(z_mat.T, tmp_cov_mat_inv2), z_mat)\n",
    "        \n",
    "        # Convert matrices from numpy to sympy matrices\n",
    "        tmp1 = sp.Matrix(tmp1)\n",
    "        tmp2 = sp.Matrix(tmp2)\n",
    "        \n",
    "        # Invert matrices\n",
    "        tmp_mat_mom1 = tmp1.inv()\n",
    "        tmp_mat_mom2 = tmp2.inv()\n",
    "        \n",
    "        # Convert back to numpy arrays\n",
    "        tmp_mat_mom1 = np.array(tmp_mat_mom1).astype(np.float64)\n",
    "        tmp_mat_mom2 = np.array(tmp_mat_mom2).astype(np.float64)\n",
    "        \n",
    "        # Calculate T matrix which is needed for calculating fit parameters\n",
    "        T_mat_mom1 = np.matmul(np.matmul(tmp_mat_mom1, z_mat.T), tmp_cov_mat_inv1)\n",
    "        T_mat_mom2 = np.matmul(np.matmul(tmp_mat_mom2, z_mat.T), tmp_cov_mat_inv2)\n",
    "        \n",
    "        # Linear regression\n",
    "        T_beta1[k, :] = np.matmul(T_mat_mom1, np.mean(bootstrap_sample_mom1, axis=0))\n",
    "        T_beta2[k, :] = np.matmul(T_mat_mom2, np.mean(bootstrap_sample_mom2, axis=0))\n",
    "        \n",
    "    # Calculate critical exponent, observable dimension D\n",
    "    def tau(sigma1, sigma2):\n",
    "        return 3.0 - sigma2/(sigma2-sigma1)\n",
    "    \n",
    "    def D(sigma1, sigma2):\n",
    "        return sigma2 - sigma1\n",
    "    \n",
    "    # Results all bootstrap samples for critical exponent and observable dimension \n",
    "    bootstrap_critical_exponent = np.zeros(shape=n_bootstraps)\n",
    "    bootstrap_dim_exponent = np.zeros(shape=n_bootstraps)\n",
    "    \n",
    "    for k in range(n_bootstraps):\n",
    "        bootstrap_critical_exponent[k] = tau(T_beta1[k, 1], T_beta2[k, 1])\n",
    "        bootstrap_dim_exponent[k] = D(T_beta1[k, 1], T_beta2[k, 1])\n",
    "    \n",
    "    final_critical_exponent = np.array([np.mean(bootstrap_critical_exponent), np.std(bootstrap_critical_exponent)])\n",
    "    final_dim_exponent = np.array([np.mean(bootstrap_dim_exponent), np.std(bootstrap_dim_exponent)])\n",
    "    final_logA1 = np.array([np.mean(T_beta1[:, 0]), np.std(T_beta1[:, 0])])\n",
    "    final_sigma1 = np.array([np.mean(T_beta1[:, 1]), np.std(T_beta1[:, 1])])\n",
    "    final_logA2 = np.array([np.mean(T_beta2[:, 0]), np.std(T_beta2[:, 0])])\n",
    "    final_sigma2 = np.array([np.mean(T_beta2[:, 1]), np.std(T_beta2[:, 1])])\n",
    "    \n",
    "    return_dict = {'critical_exponent': final_critical_exponent, 'dim_exponent': final_dim_exponent, 'logA1': final_logA1,'logA2': final_logA2,\n",
    "                   'sigma1': final_sigma1, 'sigma2': final_sigma2}\n",
    "    \n",
    "    return return_dict"
   ]
  },
  {
   "cell_type": "code",
   "execution_count": 15,
   "metadata": {},
   "outputs": [
    {
     "name": "stdout",
     "output_type": "stream",
     "text": [
      "===Fit 0===\n",
      "##############\n",
      "[[  1.          -0.89939352  -0.7722876    0.54872004   2.48767315\n",
      "   -0.60655299   0.99506875  -2.55703761  -4.67236575  -1.94739159]\n",
      " [ -0.89939352   1.77092116   2.80070409   0.65085655  -2.77933139\n",
      "    1.95373781  -0.20341981   4.14752517   6.84220103   0.59843027]\n",
      " [ -0.7722876    2.80070409   9.69208022   2.42304061  -4.88197877\n",
      "    5.83053352   0.39435774  13.90027603   8.77814521   0.22816294]\n",
      " [  0.54872004   0.65085655   2.42304061   2.51151933   1.28661979\n",
      "    2.0671441    0.50836824   2.06684264   0.463098    -1.56002018]\n",
      " [  2.48767315  -2.77933139  -4.88197877   1.28661979   8.50083535\n",
      "   -2.23022065   0.06147277 -11.25622886 -12.28943136  -2.36615757]\n",
      " [ -0.60655299   1.95373781   5.83053352   2.0671441   -2.23022065\n",
      "    6.17603303  -2.43251711   5.23940889   6.43468425   1.15687943]\n",
      " [  0.99506875  -0.20341981   0.39435774   0.50836824   0.06147277\n",
      "   -2.43251711   5.95813612   1.63448446  -3.73568282  -6.66821769]\n",
      " [ -2.55703761   4.14752517  13.90027603   2.06684264 -11.25622886\n",
      "    5.23940889   1.63448446  30.36895876  15.20818357   3.46043805]\n",
      " [ -4.67236575   6.84220103   8.77814521   0.463098   -12.28943136\n",
      "    6.43468425  -3.73568282  15.20818357  29.80764577   7.32147561]\n",
      " [ -1.94739159   0.59843027   0.22816294  -1.56002018  -2.36615757\n",
      "    1.15687943  -6.66821769   3.46043805   7.32147561  10.38154302]]\n",
      "##############\n",
      "[[ 1.00000000e+00  3.64523036e-01 -1.08369949e-01 -5.40366101e-02\n",
      "  -1.00805570e+00 -3.36106085e-01  3.71162556e-01 -1.31053651e+00\n",
      "   3.53700838e-01 -8.64350992e-01]\n",
      " [ 3.64523036e-01  3.17925155e+00 -1.06105668e+00 -2.11731111e+00\n",
      "  -3.57173590e+00 -1.87901604e+00  3.38660107e+00  4.39951788e+00\n",
      "  -1.02878992e+00 -8.82903105e-01]\n",
      " [-1.08369949e-01 -1.06105668e+00  8.44623330e-01  2.32586830e-02\n",
      "   1.53230808e+00  1.84940922e+00 -6.76809937e-01 -9.44870418e-01\n",
      "   1.51219245e+00  1.70594247e+00]\n",
      " [-5.40366101e-02 -2.11731111e+00  2.32586830e-02  6.81803865e+00\n",
      "   3.94154048e+00  1.14638971e+00  9.77520467e-01  4.05029354e+00\n",
      "  -6.57879985e+00  1.17092677e+00]\n",
      " [-1.00805570e+00 -3.57173590e+00  1.53230808e+00  3.94154048e+00\n",
      "   8.37581853e+00  5.13932071e+00 -2.65622578e+00  1.50133730e+00\n",
      "  -3.28521608e+00  1.42442388e-01]\n",
      " [-3.36106085e-01 -1.87901604e+00  1.84940922e+00  1.14638971e+00\n",
      "   5.13932071e+00  6.05974039e+00  4.29685613e-02  2.69246291e+00\n",
      "  -3.32821239e-01  2.65611309e+00]\n",
      " [ 3.71162556e-01  3.38660107e+00 -6.76809937e-01  9.77520467e-01\n",
      "  -2.65622578e+00  4.29685613e-02  7.86696002e+00  1.19588490e+01\n",
      "  -4.18083634e+00  4.27329214e+00]\n",
      " [-1.31053651e+00  4.39951788e+00 -9.44870418e-01  4.05029354e+00\n",
      "   1.50133730e+00  2.69246291e+00  1.19588490e+01  2.54545482e+01\n",
      "  -1.25384780e+01  5.24637516e+00]\n",
      " [ 3.53700838e-01 -1.02878992e+00  1.51219245e+00 -6.57879985e+00\n",
      "  -3.28521608e+00 -3.32821239e-01 -4.18083634e+00 -1.25384780e+01\n",
      "   1.31046789e+01  3.42798629e+00]\n",
      " [-8.64350992e-01 -8.82903105e-01  1.70594247e+00  1.17092677e+00\n",
      "   1.42442388e-01  2.65611309e+00  4.27329214e+00  5.24637516e+00\n",
      "   3.42798629e+00  1.25738222e+01]]\n",
      "##############\n",
      "##############\n",
      "[[ 1.00000000e+00  1.24803581e-01 -3.07570151e-02  2.88266602e-01\n",
      "  -2.97092555e-01  1.17744097e+00  3.91170716e+00  3.72621826e+00\n",
      "  -4.32313446e+00 -1.53219138e+00]\n",
      " [ 1.24803581e-01  1.94696448e+00  5.13038968e-01 -1.14668266e+00\n",
      "   8.25844437e-01  2.83759673e+00  1.20657564e+00  1.74292324e+00\n",
      "   4.13042492e+00  1.82314696e+00]\n",
      " [-3.07570151e-02  5.13038968e-01  7.30832463e+00 -6.35910227e-01\n",
      "   6.77189094e+00  5.46073543e+00 -8.87364273e+00 -2.42600768e+00\n",
      "   6.02188852e+00  4.38512032e+00]\n",
      " [ 2.88266602e-01 -1.14668266e+00 -6.35910227e-01  1.53193987e+00\n",
      "  -1.96795953e+00 -2.30180300e+00  1.48830493e+00  4.82662232e-01\n",
      "  -3.94557372e+00 -1.63365846e+00]\n",
      " [-2.97092555e-01  8.25844437e-01  6.77189094e+00 -1.96795953e+00\n",
      "   8.45472264e+00  5.89526033e+00 -9.48987308e+00 -1.65437501e+00\n",
      "   7.11834662e+00  5.18584753e+00]\n",
      " [ 1.17744097e+00  2.83759673e+00  5.46073543e+00 -2.30180300e+00\n",
      "   5.89526033e+00  9.77336977e+00 -9.57663276e-01  2.64016410e+00\n",
      "   4.03064377e+00  2.50012831e+00]\n",
      " [ 3.91170716e+00  1.20657564e+00 -8.87364273e+00  1.48830493e+00\n",
      "  -9.48987308e+00 -9.57663276e-01  2.70076899e+01  1.88260541e+01\n",
      "  -2.07336277e+01 -9.66304953e+00]\n",
      " [ 3.72621826e+00  1.74292324e+00 -2.42600768e+00  4.82662232e-01\n",
      "  -1.65437501e+00  2.64016410e+00  1.88260541e+01  2.05145461e+01\n",
      "  -1.44784676e+01 -3.45568414e+00]\n",
      " [-4.32313446e+00  4.13042492e+00  6.02188852e+00 -3.94557372e+00\n",
      "   7.11834662e+00  4.03064377e+00 -2.07336277e+01 -1.44784676e+01\n",
      "   3.31766216e+01  1.41627321e+01]\n",
      " [-1.53219138e+00  1.82314696e+00  4.38512032e+00 -1.63365846e+00\n",
      "   5.18584753e+00  2.50012831e+00 -9.66304953e+00 -3.45568414e+00\n",
      "   1.41627321e+01  7.62933260e+00]]\n",
      "##############\n",
      "[[  1.           0.35862928  -0.2504474    1.06322554   0.05154746\n",
      "    0.10184163   0.51142658   0.06463092  -2.09417807  -2.62571581]\n",
      " [  0.35862928   6.76844083  -1.70580913  -4.60418638  -6.90827428\n",
      "   -3.74233167   5.97892454   6.92113611  -3.21218402  -6.3292127 ]\n",
      " [ -0.2504474   -1.70580913   1.93417868  -0.11981358   2.28271823\n",
      "    3.05756341  -0.77117083  -2.44749926   3.52959143   3.41137891]\n",
      " [  1.06322554  -4.60418638  -0.11981358  12.45305094   5.85321053\n",
      "    3.49119301   2.78387648   7.81870863  -9.52289084   7.59020753]\n",
      " [  0.05154746  -6.90827428   2.28271823   5.85321053  10.34848659\n",
      "    7.27084004  -4.39521504  -1.9647796    0.73796645   7.10183208]\n",
      " [  0.10184163  -3.74233167   3.05756341   3.49119301   7.27084004\n",
      "    9.25523041   0.32994934   2.40318867  -0.29926419   5.49619261]\n",
      " [  0.51142658   5.97892454  -0.77117083   2.78387648  -4.39521504\n",
      "    0.32994934  13.23786881  18.98888113  -9.93642412   2.36689562]\n",
      " [  0.06463092   6.92113611  -2.44749926   7.81870863  -1.9647796\n",
      "    2.40318867  18.98888113  35.34571907 -20.2065888    6.04033941]\n",
      " [ -2.09417807  -3.21218402   3.52959143  -9.52289084   0.73796645\n",
      "   -0.29926419  -9.93642412 -20.2065888   19.54458186   3.34442897]\n",
      " [ -2.62571581  -6.3292127    3.41137891   7.59020753   7.10183208\n",
      "    5.49619261   2.36689562   6.04033941   3.34442897  22.2724238 ]]\n",
      "##############\n",
      "##############\n",
      "[[  1.          -0.5246591   -0.42313788   1.34786545   0.20758087\n",
      "   -0.31677693   2.56479128   0.50599578  -4.15676617  -0.96612838]\n",
      " [ -0.5246591    0.87099267   1.84856301   0.42893314  -2.12473901\n",
      "    1.44316571  -0.36467654   2.69483863   3.63860532   1.02364374]\n",
      " [ -0.42313788   1.84856301   9.69827587   5.04591118  -4.09486597\n",
      "    4.7740175   -2.51547661  10.26645004  10.20260878   7.16273763]\n",
      " [  1.34786545   0.42893314   5.04591118   7.38216515  -6.25212647\n",
      "    1.61442939   5.21553837  10.55325043   0.48937234   5.29640098]\n",
      " [  0.20758087  -2.12473901  -4.09486597  -6.25212647  20.09840679\n",
      "   -1.27338902 -11.63816985 -23.81108964  -4.79436284 -10.15241064]\n",
      " [ -0.31677693   1.44316571   4.7740175    1.61442939  -1.27338902\n",
      "    4.00661658  -1.7636609    2.22726116   5.69694357   0.78730094]\n",
      " [  2.56479128  -0.36467654  -2.51547661   5.21553837 -11.63816985\n",
      "   -1.7636609   16.98467663  15.77804338 -12.6895655   -0.77188772]\n",
      " [  0.50599578   2.69483863  10.26645004  10.55325043 -23.81108964\n",
      "    2.22726116  15.77804338  41.7789703    4.12043095  13.59914412]\n",
      " [ -4.15676617   3.63860532  10.20260878   0.48937234  -4.79436284\n",
      "    5.69694357 -12.6895655    4.12043095  26.52757291  11.13676434]\n",
      " [ -0.96612838   1.02364374   7.16273763   5.29640098 -10.15241064\n",
      "    0.78730094  -0.77188772  13.59914412  11.13676434  15.01499521]]\n",
      "##############\n",
      "[[ 1.          0.38432475 -0.08254678  0.42101781 -0.44596673 -0.09794722\n",
      "   0.73835975 -0.27976336 -0.38016538 -0.76683608]\n",
      " [ 0.38432475  1.71218317  0.04640778 -2.28295304 -2.49749137 -0.46241141\n",
      "   1.34467484 -0.25979104  1.36749578 -1.13050985]\n",
      " [-0.08254678  0.04640778  0.45944361 -0.03961287  0.41179126  0.74148827\n",
      "   0.63440984  0.6940815   0.35611061  0.9339325 ]\n",
      " [ 0.42101781 -2.28295304 -0.03961287  6.07505264  3.58390808  1.08143497\n",
      "   0.33891265  2.46270268 -5.0091868   1.52121886]\n",
      " [-0.44596673 -2.49749137  0.41179126  3.58390808  6.95617066  3.30017292\n",
      "  -2.18236707  2.49827658 -4.35381674 -1.27797429]\n",
      " [-0.09794722 -0.46241141  0.74148827  1.08143497  3.30017292  3.18588627\n",
      "   0.72330201  3.43551482 -2.02320589  0.24076959]\n",
      " [ 0.73835975  1.34467484  0.63440984  0.33891265 -2.18236707  0.72330201\n",
      "   4.00706611  2.56714257  0.04588092  2.44888945]\n",
      " [-0.27976336 -0.25979104  0.6940815   2.46270268  2.49827658  3.43551482\n",
      "   2.56714257  5.95544741 -3.80428566  1.59965356]\n",
      " [-0.38016538  1.36749578  0.35611061 -5.0091868  -4.35381674 -2.02320589\n",
      "   0.04588092 -3.80428566  7.26337679  3.02492395]\n",
      " [-0.76683608 -1.13050985  0.9339325   1.52121886 -1.27797429  0.24076959\n",
      "   2.44888945  1.59965356  3.02492395  9.65732231]]\n",
      "##############\n"
     ]
    },
    {
     "name": "stdout",
     "output_type": "stream",
     "text": [
      "##############\n",
      "[[  1.          -0.93645455  -3.03355382   0.32572754   0.34160893\n",
      "   -1.27976141   3.36093683  -2.62455944  -6.26792904  -2.80728135]\n",
      " [ -0.93645455   2.6990222    3.82916435   1.83403218  -3.73462585\n",
      "    2.56753971  -0.22525319   5.22200906  10.55619395   3.24164442]\n",
      " [ -3.03355382   3.82916435  16.03667942   1.8534317   -3.70374352\n",
      "   10.10270722 -13.13233551   8.17305556  24.39949946  10.6840153 ]\n",
      " [  0.32572754   1.83403218   1.8534317    6.44850202  -6.26342651\n",
      "    0.47060841   5.15850156   6.15593683   6.20538971   3.63249153]\n",
      " [  0.34160893  -3.73462585  -3.70374352  -6.26342651  27.17161932\n",
      "   -1.50926098 -18.92285971 -35.31063667  -4.51675521  -9.22526584]\n",
      " [ -1.27976141   2.56753971  10.10270722   0.47060841  -1.50926098\n",
      "    9.21742351  -7.20797525   1.44672763  12.02835473   1.50782008]\n",
      " [  3.36093683  -0.22525319 -13.13233551   5.15850156 -18.92285971\n",
      "   -7.20797525  31.5588233   19.98548917 -22.25165802  -7.6662684 ]\n",
      " [ -2.62455944   5.22200906   8.17305556   6.15593683 -35.31063667\n",
      "    1.44672763  19.98548917  56.2238113   11.35717444  13.83332748]\n",
      " [ -6.26792904  10.55619395  24.39949946   6.20538971  -4.51675521\n",
      "   12.02835473 -22.25165802  11.35717444  60.35192443  25.40800989]\n",
      " [ -2.80728135   3.24164442  10.6840153    3.63249153  -9.22526584\n",
      "    1.50782008  -7.6662684   13.83332748  25.40800989  22.36772007]]\n",
      "##############\n",
      "[[ 1.          0.38685532  1.28061591 -0.27134341 -1.89327995 -0.19257262\n",
      "   1.42749679  0.81293679  2.48676201  0.47462311]\n",
      " [ 0.38685532  1.14262585 -0.28300608 -0.73078148 -1.82772128 -0.80679973\n",
      "   1.20636667  1.26582574 -0.18125792 -0.65821892]\n",
      " [ 1.28061591 -0.28300608  5.6791672  -1.42097966 -4.0961274   0.86179812\n",
      "   2.18819212  5.47057834  8.74859532  1.99455857]\n",
      " [-0.27134341 -0.73078148 -1.42097966  4.20161447  4.4551485  -0.08951829\n",
      "   0.490122    0.32155464 -5.29711398 -0.41145866]\n",
      " [-1.89327995 -1.82772128 -4.0961274   4.4551485   8.17169107  0.5306768\n",
      "  -2.93080187 -4.12629114 -9.11314643 -1.03556119]\n",
      " [-0.19257262 -0.80679973  0.86179812 -0.08951829  0.5306768   0.70331333\n",
      "  -0.82363115 -0.47474769  1.47465128  0.69218978]\n",
      " [ 1.42749679  1.20636667  2.18819212  0.490122   -2.93080187 -0.82363115\n",
      "   3.65543457  5.15491489  2.18295192  0.15868573]\n",
      " [ 0.81293679  1.26582574  5.47057834  0.32155464 -4.12629114 -0.47474769\n",
      "   5.15491489 13.85131265  4.21844829  0.64242631]\n",
      " [ 2.48676201 -0.18125792  8.74859532 -5.29711398 -9.11314643  1.47465128\n",
      "   2.18295192  4.21844829 17.2758247   3.61804928]\n",
      " [ 0.47462311 -0.65821892  1.99455857 -0.41145866 -1.03556119  0.69218978\n",
      "   0.15868573  0.64242631  3.61804928  1.8475382 ]]\n",
      "##############\n",
      "##############\n",
      "[[  1.          -0.55818495   0.7179172    1.78051849   0.1108341\n",
      "   -0.06006285   2.10221787   1.18154503  -3.50803772  -0.37935365]\n",
      " [ -0.55818495   1.37175217   1.57704429   0.79553088  -2.13140359\n",
      "    1.11434461   0.21641061   1.97318834   5.38995973   0.7376367 ]\n",
      " [  0.7179172    1.57704429   8.06903323   4.79778272  -4.37343202\n",
      "    4.31629398   2.87909477  11.62644244   3.45828423   1.9097252 ]\n",
      " [  1.78051849   0.79553088   4.79778272  10.06014777  -8.52742515\n",
      "    1.81959513   7.19850416  13.15071529   0.9182865    8.46085665]\n",
      " [  0.1108341   -2.13140359  -4.37343202  -8.52742515  16.80620028\n",
      "   -0.75651768  -8.2204224  -17.27011866  -9.07710733 -12.85084238]\n",
      " [ -0.06006285   1.11434461   4.31629398   1.81959513  -0.75651768\n",
      "    5.53704764  -2.63773663   1.57083313   3.32749051   1.26794638]\n",
      " [  2.10221787   0.21641061   2.87909477   7.19850416  -8.2204224\n",
      "   -2.63773663  12.71545427  11.70672684  -3.0784814   -0.12331977]\n",
      " [  1.18154503   1.97318834  11.62644244  13.15071529 -17.27011866\n",
      "    1.57083313  11.70672684  34.76884559   5.49005982  14.31775479]\n",
      " [ -3.50803772   5.38995973   3.45828423   0.9182865   -9.07710733\n",
      "    3.32749051  -3.0784814    5.49005982  24.88483525   8.2016891 ]\n",
      " [ -0.37935365   0.7376367    1.9097252    8.46085665 -12.85084238\n",
      "    1.26794638  -0.12331977  14.31775479   8.2016891   24.18951001]]\n",
      "##############\n",
      "[[ 1.          0.21874245  0.79048375  1.21664849 -0.08611478 -0.06905518\n",
      "   1.56972204  1.19090951  0.24110208 -0.38587063]\n",
      " [ 0.21874245  3.11346496 -1.56283805 -0.26835775 -3.02249998 -2.53892097\n",
      "   3.64425737  6.09590108 -4.07875558 -2.23064988]\n",
      " [ 0.79048375 -1.56283805  4.23084617  0.19914435 -0.34195359  1.65334398\n",
      "   0.17053506  1.43760839  6.1928889   1.53848916]\n",
      " [ 1.21664849 -0.26835775  0.19914435  3.64663725  1.00293366 -0.56630048\n",
      "   2.64628631  1.05154572 -1.1482619   2.26512987]\n",
      " [-0.08611478 -3.02249998 -0.34195359  1.00293366  4.67583486  2.56297057\n",
      "  -4.28018212 -8.45110758  0.97951154  1.172657  ]\n",
      " [-0.06905518 -2.53892097  1.65334398 -0.56630048  2.56297057  2.67708773\n",
      "  -3.62998278 -5.089969    3.76919257  0.44333552]\n",
      " [ 1.56972204  3.64425737  0.17053506  2.64628631 -4.28018212 -3.62998278\n",
      "   7.93402777 11.24005523 -3.46048156 -0.05376568]\n",
      " [ 1.19090951  6.09590108  1.43760839  1.05154572 -8.45110758 -5.089969\n",
      "  11.24005523 22.15296485 -4.0935017  -0.53809517]\n",
      " [ 0.24110208 -4.07875558  6.1928889  -1.1482619   0.97951154  3.76919257\n",
      "  -3.46048156 -4.0935017  11.70522173  2.86054229]\n",
      " [-0.38587063 -2.23064988  1.53848916  2.26512987  1.172657    0.44333552\n",
      "  -0.05376568 -0.53809517  2.86054229  6.06933516]]\n",
      "##############\n",
      "##############\n",
      "[[ 1.00000000e+00  5.27595032e-01 -8.16098178e-02  3.09969000e-02\n",
      "  -5.58255139e-01  2.24218270e+00  3.98496729e+00  2.89158808e+00\n",
      "  -3.09718059e+00 -7.11582609e-01]\n",
      " [ 5.27595032e-01  4.17167327e+00  4.30857601e+00  1.13360500e+00\n",
      "   1.29070429e+00  6.66604280e+00  2.96062847e+00  8.15090096e+00\n",
      "   9.18975175e+00  3.17162429e+00]\n",
      " [-8.16098178e-02  4.30857601e+00  1.16084275e+01  1.86258444e+00\n",
      "   6.34432107e+00  1.22054081e+01 -7.16865013e+00  2.43170290e+00\n",
      "   1.62171520e+01  5.26466848e+00]\n",
      " [ 3.09969000e-02  1.13360500e+00  1.86258444e+00  6.07580079e+00\n",
      "  -6.79367772e+00  1.04644460e-01  3.15792508e+00  2.25384869e+00\n",
      "   5.54322049e+00  2.29024436e+00]\n",
      " [-5.58255139e-01  1.29070429e+00  6.34432107e+00 -6.79367772e+00\n",
      "   1.51798377e+01  7.57265466e+00 -1.15340710e+01 -2.88055384e-01\n",
      "   5.79689468e+00  2.22851010e+00]\n",
      " [ 2.24218270e+00  6.66604280e+00  1.22054081e+01  1.04644460e-01\n",
      "   7.57265466e+00  2.01889499e+01  1.83427576e+00  9.32822865e+00\n",
      "   9.94924990e+00  7.88730692e-01]\n",
      " [ 3.98496729e+00  2.96062847e+00 -7.16865013e+00  3.15792508e+00\n",
      "  -1.15340710e+01  1.83427576e+00  2.75664864e+01  1.94400580e+01\n",
      "  -1.37790638e+01 -4.07690563e+00]\n",
      " [ 2.89158808e+00  8.15090096e+00  2.43170290e+00  2.25384869e+00\n",
      "  -2.88055384e-01  9.32822865e+00  1.94400580e+01  3.16199078e+01\n",
      "   7.88145710e+00  8.84352608e+00]\n",
      " [-3.09718059e+00  9.18975175e+00  1.62171520e+01  5.54322049e+00\n",
      "   5.79689468e+00  9.94924990e+00 -1.37790638e+01  7.88145710e+00\n",
      "   4.48148868e+01  1.82759878e+01]\n",
      " [-7.11582609e-01  3.17162429e+00  5.26466848e+00  2.29024436e+00\n",
      "   2.22851010e+00  7.88730692e-01 -4.07690563e+00  8.84352608e+00\n",
      "   1.82759878e+01  1.79401645e+01]]\n",
      "##############\n",
      "[[ 1.00000000e+00 -2.86386043e-01  2.88072323e+00  3.73529022e-01\n",
      "  -1.09660131e+00  4.50465380e-01  1.34033315e+00  2.56850988e+00\n",
      "   3.61396005e+00  1.80416686e-02]\n",
      " [-2.86386043e-01  1.92815524e+00 -1.09771045e-01 -1.38873350e+00\n",
      "  -1.58796247e+00 -8.20635944e-01  2.51828603e+00  3.14333683e+00\n",
      "   1.02095082e-02  7.46719183e-01]\n",
      " [ 2.88072323e+00 -1.09771045e-01  1.28525976e+01 -1.30664477e+00\n",
      "  -7.32833532e+00  2.93396749e+00  5.72132815e+00  1.50526369e+01\n",
      "   1.46504891e+01 -2.83621857e-01]\n",
      " [ 3.73529022e-01 -1.38873350e+00 -1.30664477e+00  4.82718481e+00\n",
      "   2.33831837e+00 -1.84927387e-01  1.26451794e+00  8.99748366e-01\n",
      "  -3.47645045e+00  3.03266423e+00]\n",
      " [-1.09660131e+00 -1.58796247e+00 -7.32833532e+00  2.33831837e+00\n",
      "   8.07486330e+00  1.26259963e+00 -4.66199731e+00 -1.07366263e+01\n",
      "  -9.45087170e+00 -2.78481227e-01]\n",
      " [ 4.50465380e-01 -8.20635944e-01  2.93396749e+00 -1.84927387e-01\n",
      "   1.26259963e+00  4.45873025e+00  5.38496663e-01  3.24208012e+00\n",
      "   1.45967338e+00 -1.72728454e-01]\n",
      " [ 1.34033315e+00  2.51828603e+00  5.72132815e+00  1.26451794e+00\n",
      "  -4.66199731e+00  5.38496663e-01  1.00105386e+01  1.55562480e+01\n",
      "   4.60361036e+00  4.90567839e+00]\n",
      " [ 2.56850988e+00  3.14333683e+00  1.50526369e+01  8.99748366e-01\n",
      "  -1.07366263e+01  3.24208012e+00  1.55562480e+01  3.85195580e+01\n",
      "   1.03819594e+01  4.80380915e+00]\n",
      " [ 3.61396005e+00  1.02095082e-02  1.46504891e+01 -3.47645045e+00\n",
      "  -9.45087170e+00  1.45967338e+00  4.60361036e+00  1.03819594e+01\n",
      "   2.04501412e+01 -2.19222842e+00]\n",
      " [ 1.80416686e-02  7.46719183e-01 -2.83621857e-01  3.03266423e+00\n",
      "  -2.78481227e-01 -1.72728454e-01  4.90567839e+00  4.80380915e+00\n",
      "  -2.19222842e+00  4.76767869e+00]]\n",
      "##############\n"
     ]
    },
    {
     "name": "stdout",
     "output_type": "stream",
     "text": [
      "##############\n",
      "[[ 1.         -0.37531801  1.19390309  1.40937893  1.37003424  0.82602498\n",
